122871985
1046557
40885399
2955724
2326544
76062573
2898520
13887584
25066122
58411077
4445210
16161013
0270026
0937743
1148823
6663090
2248099
15140057
1293485
32628165
18374320
18666067
3207164
70082814
0307374
4532636
64063481
5175206
15148330
73282655
1069062
29565770
6078355
46204888
87850731
0579551
59797976
0004593
47239035
3212364
3096499
3270789
0314303
1900526
15311310
2798372
0844285
0453068
5442036
0449021
0226855
1116241
104551624
115921785
95521607
3608743
5035536
25124556
23650639
3900151
3278201
8221853
1142410
2509775
78137797
0355122
18338314
13536731
32097297
5156288
4405474
112737954
15832154
15794099
4064696
31221670
1714901
66359171
23673111
0266097
88491595
81491980
29811699
32106619
35799870
18364527
25364174
62038226
13652331
44112735
7383416
2898980
1994077
3793011
2366009
3914439
39545453
0806494
39322316
58014374
5802620
58898824
0892646
1697212
17915096
20552756
1350313
0102816
2866837
8536486
56005872
39024931
87925763
95466567
22379731
47100167
27828904
74144626
26936905
88267634
23240045
83384252
19576242
53318196
65728671
93303233
113526537
49208568
111880180
80852180
45587294
98240498
69639064
46799929
104906345
34037648
2152472
20315186
12230254
1419266
2488512
4161069
4234119
30212700
10525382
13507733
9597934
13576107
1559834
0121776
5580339
2467618
0222505
0019730
43544732
0035229
13630333
0989035
0579539
0819382
2082018
19009969
7969168
88489978
24740649
43702084
6149395
3332895
34414709
0509769
2274490
0442119
4611798
26756524
2290488
42905310
1318549
94525275
3257585
90875128
34290913
7784552
2637155
0097753
103626204
67651029
68713077
3269064
2008054
66192386
25096471
106488312
62179421
2093818
0270791
1111192
3106886
2939100
49400835
96416540
1206459
0499651
22709105
53096283
109186594
60377358
110084655
109023433
110009458
41569276
77751130
0728175
1696608
3924830
3829133
44546721
6150112
22811477
22572846
32941074
96203347
45707659
56369398
29585568
33742372
79616365
0482513
5291991
14795108
2691100
0260983
5237888
3100445
60343557
21182783
25914400
29815996
1484694
55939461
20860432
21833437
29669464
5999427
23638472
13926088
22730637
10623083
5876717
65838181
69508929
87808462
1977084
3798706
22864481
20878175
23577930
17651340
2483625
55811657
1624054
1195884
2890802
1318093
22506233
4387469
78642519
52539232
16178412
82400084
27159660
1061970
93987458
19752191
81480944
25126113
1257208
96066246
106575348
45419304
1173088
19658928
13549369
0342623
69575104
113550321
1071044
88575726
24373984
12446049
84924605
78081530
3947986
2418932
0345596
0166205
118326768
98975951
60427201
20682472
112609395
0384847
80714899
1355003
0841228
33875393
61114966
110212703
0557717
78189902
8475291
17402599
5914273
3658173
6434346
14822166
3972591
2121650
23172671
40204638
7024406
50423587
23887409
63888970
30329898
0391152
14657241
1619514
44537684
2123213
8547958
31616185
41701982
1448185
0102677
12452089
0011762
27361979
0322329
0264325
2020269
35683824
78194065
81864032
2707735
0310469
25095745
53053227
104058867
67902729
0181684
71260849
57699719
0075285
12449122
12680645
108292108
108435101
32740063
69035611
2375356
3079504
50944569
0366419
1019294
90025139
4939636
15298231
57948489
0524555
11750202
54155243
1110491
61348829
4067661
10919398
32011477
5185700
22956348
0225436
2413272
1471623
2227548
23600364
0688935
76249797
7973716
31926105
44796389
0332491
3227458
2235306
4823391
66024693
3748972
75756486
89095990
5214761
41368277
66450558
78811141
71097662
31611562
54369156
40127150
22850528
114635129
0417992
0463200
18347128
20965661
112948199
94875269
30163554
14047255
11187722
57319815
23093096
39517558
18970655
67059667
65180930
42728460
23569476
57855497
81961885
1114009
2876295
39829877
6696929
1981684
44650338
22668817
0491610
20069103
26666505
14551063
78948186
51408872
62075498
16570313
42418703
61770220
57859083
49791261
8598392
56770230
4238363
89799951
47157208
67295015
40003508
1416505
3298553
58781741
3174947
6643268
1773414
19703765
14654232
87304897
87974234
32342463
90030178
1016453
81226015
27018524
23041191
107849532
0770509
2892021
20194047
11059167
16400180
3548961
32428302
85371862
20672677
2747461
24248482
19629461
0237631
11148131
71263113
9126893
22301934
10334028
2531610
2976262
44740658
14520497
17067687
31638149
22392452
24316498
6989420
25272284
18941960
7387965
1622466
0295257
1285432
0875562
4989916
18721194
0171876
20258406
3824745
60762667
24624935
50463365
34461812
58552665
61859309
57259943
26240657
36499798
17389661
56183852
44946498
60603286
20402944
45706710
55647397
55823093
64147180
1219578
5232724
10590295
27147194
84382752
42607145
10136363
49062881
0178741
0381820
0434292
16650558
13134536
3109237
1601212
19117722
13566917
0312444
38907379
66102970
38462067
4602745
0464186
14124007
7338453
1112373
0088706
1878499
104257720
2467778
0355290
92194562
1616919
8929656
0989940
2586978
0731006
2257122
3810449
43368179
23624385
33146081
67050891
3387663
20439276
22610614
22145533
22836725
0867063
0121336
1825656
9150302
20916867
25447573
57318659
55225553
8282981
65733095
57590728
34049683
54999105
1590118
57515388
43736958
29898575
38614372
49788769
89818312
18207359
66111139
2904674
19864582
19965953
56709959
25845421
20961240
23916871
15784041
1835386
15419821
113614630
2496397
0853359
1888886
9972457
22131361
0137908
19257379
64212521
1234929
26820801
44366382
26226712
0408027
41446733
5303209
64558579
60913828
19890581
37795971
22751513
53757302
46775992
73643551
23249778
0149991
99797312
0423896
2600145
31328069
6540445
17141012
41454753
13977076
34756529
50306943
0556667
0278021
89292005
91444020
113384421
79190944
4079402
55352608
26034614
60652605
60411388
29592278
52580259
48986108
50586780
36657881
37599117
5622315
40057658
60783565
87747099
81668714
26266323
17825945
101138121
20621243
28221379
0556157
65079747
41574791
38801254
65176833
19589623
46220531
44721165
54617762
85501440
88780815
27327779
2707610
3223254
22910970
31328960
63567606
46089404
49245655
8503729
65554681
0503545
43078905
17302526
56184505
23604006
64456728
83822756
0547823
75186071
8766134
0593719
22858299
108132612
15780544
2496270
41460267
113040475
105432740
4316081
14299499
24364152
23654883
47718065
49209437
49472483
43529022
0205065
0064493
103264248
34836174
86926253
53403649
98033888
13607461
55029940
46163901
56262027
44626090
34087008
48691639
22874245
17443192
67614736
57283446
40037966
55607018
11260345
67892098
0100872
1546574
0361658
3441650
4103165
87522608
3192976
12596887
0740404
1683855
11565674
78448785
8457996
3847551
4174632
16684454
1077159
1748889
21409737
48670039
12020797
40165072
0529895
106833015
96616253
0669709
66069983
68947163
0945066
1241444
64186053
0605857
13017201
0311101
0042909
70682706
21232893
74886035
82972078
38519767
62944447
12332223
29737283
120171711
108708694
1826091
65374826
70533353
2521222
10115534
38194765
112753306
111507114
111359956
0636545
0454764
34528387
45959440
1174539
76027372
43644336
0479434
30283290
49780230
6966746
57862703
7112322
0618701
30690224
0879559
28022411
54207336
40243436
58268331
40416209
27911737
48675674
58434975
49936120
13475746
40028278
93757586
114600792
10691128
118631373
2629298
46545363
25871884
2286500
3670492
33907744
9987799
10413868
3923318
0076091
7051754
1118679
66517869
60672026
63950427
0234740
5411269
83434961
0278527
0109692
85295821
68099745
60765637
64798417
35973731
23472534
37895577
96293274
35513675
109310769
9906467
39391722
17886725
30068741
14298688
44553912
41474894
5295740
0059014
63817467
110759166
2372297
33068984
5455281
121055501
1288555
1148137
1085336
46921093
43175853
20961309
22098914
22614169
9069323
50907007
69074228
48102834
10191779
0437174
4248714
47006221
109019708
102605581
22563365
0382421
0182733
5358902
35451356
68129834
53645293
53620903
12717785
13221115
69150619
87688280
22570902
66300812
8334868
2236837
3967726
34307814
0826090
3431881
0727763
64361186
2973329
2537516
37011629
0114810
5424352
118507743
84634386
26744185
39634854
82462880
122157915
113548059
1062540
2786478
3987336
0866352
0576805
1148847
22423593
0108786
2441543
1655975
1606763
31261952
3847467
1100711
106850208
108134304
38077550
7813355
77165650
0508954
53660798
56991789
80547047
57834308
25380783
85542018
47063316
77583109
0643915
1390493
61791769
24386152
24563941
60640892
30155746
67528361
53597253
26366719
1577447
58525162
85670137
91440178
3204973
74111639
3836774
56387266
8239592
108874341
20576210
64834644
3728510
35359466
4861019
2354731
0363933
114026501
0617774
2463817
10761779
1609501
0612777
36339038
13995491
19723088
16333684
85623339
88380120
17881960
15899300
8564485
7484735
8625456
120838752
92260614
104509847
7343974
98737368
4257310
80257535
7826013
77965980
2860723